19130期：
(1,  3,  8, 16, 29) (5, 11)
(1,  5, 11, 19, 28) (2, 5)
(3, 12, 16, 21, 32) (5, 10)
(7, 15, 19, 28, 31) (1, 4)
(5, 11, 22, 28, 33) (4, 10)
19129期：
(1,  5, 10, 24, 33) (6, 10)
(1,  6,  9, 18, 32) (9, 12)
(3, 10, 12, 19, 23) (5, 11)
(6, 12, 18, 19, 22) (5, 8)
(5, 11, 25, 31, 33) (4, 10)

19127期：
(6, 15, 20, 24, 31) (3,8)
(2, 6, 11, 22, 29) (8,10)
(6, 10, 22, 24, 27) (7, 8)
(1, 4, 10, 22, 35) (3,9)
(6, 11, 24, 29, 35) (1, 3)

19126期：

(12, 21, 28, 29, 35) (4, 7)
(4, 10, 16, 23, 32) (4, 9)
(4, 10, 16, 21, 31) (4,8)
(4, 10, 18, 22, 29) (3,9)



19122期：
(5, 14, 16, 27, 35) (3, 8)
(5, 11, 23, 27, 32) (3, 8)
(4, 8, 11, 24, 28) (6,7)
(4, 12, 20, 21, 30) (5,10)
(4, 10, 18, 27, 33) (5,11)
(7, 11, 23, 27, 32) (5 ,12)
(8, 20, 28, 31, 33) (3, 7)
(4, 6, 16, 20, 30) (5, 6)
(11, 16, 21, 24, 31) (3, 8)
(16, 19, 24, 27, 33) (6, 12)

19121期：
(7, 11, 21, 28, 33) (3,7)
(5, 7, 21, 24, 30) (3, 8)
(4, 8, 11, 24, 28) (6,7)
(4, 12, 20, 21, 30)(5, 10)
(5,11,20,27,31)(4.10)
(7,11,23,27,32)(5 ,12)

19120期：
(5, 15, 24, 27, 30) (4, 10)
(6, 12, 19, 27, 31) (4, 10)
(4, 11, 15, 17, 29) (5, 11)
(8, 13, 22, 29, 34) (6, 9)
(6, 13, 17, 26, 31) (1, 6)

19119期：
(5, 15, 24, 27, 30) (4, 10)
(6, 12, 19, 27, 31) (4, 10)
(4, 11, 15, 17, 29) (5, 11)
(8, 13, 22, 29, 34) (6, 9)
(6, 13, 17, 26, 31) (1, 6)
